m = 340;
lambda55 = 344;
Jy = 351;
Cwy1  = 259;
Cwy2 = 26;
Kdv = 7;
Tdv = 0.15;
Umax = 10;
a = 0.4;

Mout = 0;
K1 = 1;
K2 = 600;
